# Created by Octave 8.4.0, Thu Mar 13 22:54:03 2025 CST <jaime-gonzalez@tezca>
# name: cc_total
# type: matrix
# rows: 2
# columns: 2
 302.46328884330671 222.99265418344169
 313.7448485524942 238.03341737056428


