# Created by Octave 8.4.0, Fri Mar 14 02:07:48 2025 CST <jaime-gonzalez@tezca>
# name: cc_total
# type: matrix
# rows: 500
# columns: 2
 313.17441973863146 242.21674540859163
 317.19560675217065 239.6327391180769
 292.69855535509009 236.26586470780001
 301.61981326194427 245.99797503356658
 303.67308624646802 236.76791911977486
 315.42470304936234 244.38242713247109
 302.62438247065955 242.82344632976353
 318.10783509439273 244.03206471687096
 309.67776671668656 241.03222645884486
 311.37420950656866 241.16574004132667
 305.78680654332669 242.10460265766261
 310.38648170392446 245.37080810118269
 317.87654794085262 240.96580033847289
 304.04068962079702 240.8461562153592
 302.18241130818978 236.52650364239258
 306.07816078113029 239.01494220006509
 303.03013166568462 237.29043414595486
 297.09981188376503 233.81645732005293
 315.04651294709902 249.78475657266168
 305.62575653041762 241.60468038356046
 302.03539959114772 238.2538938943203
 312.99636515835908 249.81790557152988
 306.698855780511 249.4898466568948
 318.28954958866899 249.20429603787034
 303.1130657477392 240.77252269453746
 311.68940564985189 246.55400646146947
 315.44839419549351 246.90217222868935
 305.13184356298711 236.49695673878986
 307.64288923915927 241.41438237252845
 307.63641261784699 242.60977085244272
 306.83086939902734 247.72687951681141
 319.48735390334861 256.03078163730316
 314.54251299935316 249.8053290827518
 296.02228554674286 239.65921170985374
 301.83526705619209 241.43065549192724
 303.13419464911283 243.35871768193931
 298.51560212336813 234.21883819997265
 312.56018984091736 250.17950712821241
 305.28285060592634 242.27302006621534
 306.23661652184427 236.72357600239053
 313.74118878848708 249.08153247794039
 293.52146707788046 239.19001280547474
 307.23592133927991 240.01783717496448
 313.34219271069156 251.25869206023074
 313.95856029666959 247.71929341078615
 294.83989908854369 238.52866872052556
 313.05876029344671 242.33046102149527
 313.78631529035113 251.15744906253886
 320.00145393160756 244.7993470027246
 307.43252572130496 235.35182813956231
 287.8793213722218 233.06167052496619
 302.2582632190684 236.6144600229234
 304.68771314362925 237.3438434751335
 306.24443278588336 239.504070643418
 310.9067262409838 242.31487024583632
 313.82322103175932 244.51836889444397
 301.27019904472024 240.4684368553732
 306.36774756667654 237.84294122811562
 316.71573961171748 246.48792157374609
 311.06499051076298 248.50713300324165
 311.3174660066328 242.16722988527468
 311.3760513492652 243.94629030511607
 313.66653861518608 244.73176302131301
 313.22041689329978 245.99498744068268
 304.02472182397639 240.54558484083523
 310.01374095621674 238.35399665094639
 293.51162822051299 238.18543609545685
 296.27718426237919 233.96093761376321
 310.89313679314375 242.22238885317392
 298.82003327619987 233.83726197632444
 295.90685575783618 233.72141973886599
 305.10563047845744 241.52303249109229
 294.87331368671619 237.22536050043951
 314.65331092558358 244.41880669965317
 300.35545589388556 239.75933659978648
 310.05742342032067 249.40758862015076
 316.47692290900642 252.98154717415696
 305.46538629875886 242.14424534222908
 311.16047918889461 246.42820707536163
 310.68512862760377 249.83028866022781
 300.30388311606134 237.59242792945344
 311.73689590406752 240.9791294497322
 308.38475484699109 247.44931036133107
 299.99219823779293 239.10028871698978
 304.54456603363667 243.90279410587436
 310.03363417915398 237.92651350123458
 305.09548560072477 244.36499327373636
 315.46825109091839 253.14517895980191
 313.85967339250959 239.67408750058448
 309.98924675399513 241.11574218631344
 304.15535916309187 246.67207543503949
 309.79820129985529 247.20956023979295
 304.94191471317401 238.54568481971285
 294.32496252272944 228.34673871589771
 298.32060003431866 235.23095089317039
 293.61181550473509 233.15255785159763
 309.61620840805602 246.71554277980255
 308.40141950209511 243.59304432026133
 315.86444014139795 246.7276927546493
 305.98296484106737 243.92216536590283
 294.3566726389555 231.51017105307699
 308.52050551640849 248.25001043814316
 287.15714253872318 231.2459821044942
 288.76023150586724 231.67579287675812
 322.58502726143763 255.09353524041475
 305.87095624079382 242.7435269420393
 305.82755219316766 243.90775196883797
 314.64065393162315 249.39087392518428
 309.88733418211064 241.35033591342719
 314.56957434156936 247.31920495136472
 300.95113408315569 235.05396965728204
 321.27916786403875 250.75690985254025
 314.19673831447392 242.20493533879485
 314.01509484058209 241.50356743438823
 317.786448197151 250.86285142140042
 317.28102978528324 246.68927568941496
 301.72856451832212 233.2534135352829
 315.87911576209143 243.31560799955935
 300.51089435400706 233.82629157419203
 311.58925229969503 242.13478369144767
 329.12658445210172 262.29578045057656
 303.48191035597711 236.69359473601472
 303.72508025141792 238.83146542841806
 305.60930641103232 240.15749097555153
 309.72129046240354 241.09129231779323
 305.56696582344972 242.28399881406909
 286.15581558641668 231.38988283917271
 310.72868139554845 246.40067114026135
 321.15907749040434 247.85099787349958
 305.89122346056888 244.12024568665601
 315.58167237895168 252.96245180700328
 315.02789790786954 241.38052309604956
 307.85711093455478 246.1159953770036
 318.58547509231641 248.49630849246253
 317.74119577936608 241.61125327027793
 322.74010912589677 254.41135953990334
 319.30596477086203 248.43118701025836
 306.97775080230025 245.10528143222149
 315.00595049320145 243.47013970470402
 309.40948460491018 237.64422962138474
 316.38311972967716 246.6107846425231
 306.45334835777595 244.78265137723278
 326.55307670354074 258.62705326375226
 301.49008990102851 238.24543135021625
 306.15369237940178 238.20470333742904
 318.47131335634612 242.64557397046053
 302.62818432822502 243.94581758206033
 299.73545983090526 238.46276812658729
 309.20651433763999 239.67021513586812
 304.23930650093337 240.33079669770868
 304.26837775049887 227.80550755836217
 301.88331936136063 246.2519865988063
 313.97902444182148 247.40889076875374
 317.05515616956075 246.16787645234461
 303.8389961476106 236.33250375504778
 313.62063653738909 243.40114050578759
 311.93555027705486 242.30224958125959
 309.06906106352136 246.07433330015735
 305.02412622592294 243.43308065886526
 309.64535982539735 236.72984039455019
 290.2143265495165 233.73094008287373
 309.22186942186858 252.47866342919053
 315.64189096107566 253.37585048396659
 304.11658770028657 238.64923882898626
 296.7805310371125 239.16653289182105
 310.48192039592442 242.54669834374408
 304.02543220129684 237.97539450274564
 311.24181918496305 239.92402985954092
 315.83672891549531 249.51165414702567
 299.33345249099096 230.59250086956436
 297.20669604167551 229.764352619325
 303.16575665417963 235.43887526274614
 316.07068356686949 246.41905933835596
 311.84878706621652 247.83816222340067
 314.22376506496698 249.96111250229742
 307.71655166833597 238.94933693887387
 320.91932859051377 257.4088155982393
 312.13532348675108 239.89582351818873
 311.27200249394787 244.09161388985748
 305.06034510537717 236.3134096898672
 317.88561863428106 244.49497706816027
 295.71726337945546 233.47784081057242
 307.05382866718531 239.45460613983772
 311.09805096266967 241.05500758697426
 304.05009022252011 238.09546190566053
 320.84208130256889 250.8871769359634
 308.60123746242482 238.9459732391781
 299.0945522710378 242.20352892162629
 320.46956200118137 249.42599395489015
 307.93359191275636 237.29396009772961
 298.24397914045784 231.92187668328623
 307.53962837949729 229.96413224465658
 311.92376750696684 242.15722679228062
 302.55417475884661 241.29162161513574
 297.92973998639343 235.90457385149068
 313.63508218012316 241.78565924219228
 321.48261160653936 244.93360987166216
 311.25061420854564 245.39433725007348
 316.32095827893761 247.20842658856779
 302.30760547099163 237.9288043845973
 310.44185017650227 242.74089354701397
 288.13194847269062 235.17092405437177
