# Created by Octave 8.4.0, Thu Mar 13 22:54:03 2025 CST <jaime-gonzalez@tezca>
# name: fc_total
# type: matrix
# rows: 2
# columns: 2
 666.38111482779448 671.10606069456037
 663.87596676200815 669.25836611708814


