# Created by Octave 8.4.0, Fri Mar 14 02:07:48 2025 CST <jaime-gonzalez@tezca>
# name: fc_total
# type: matrix
# rows: 500
# columns: 2
 663.85094335806491 667.59698313082993
 666.48938126281871 670.08038328405848
 663.08775912615533 666.04928887039659
 662.31324692656267 664.77168357210473
 664.03604382844469 667.46094447347457
 664.93852320951385 668.20160889646286
 665.31052631470016 668.47960864901904
 665.90656484628346 668.15945478203321
 664.07506480703364 666.76070596915679
 665.60900449314181 668.34453056079349
 660.8716548312284 663.90883993421232
 663.7855654785559 666.94890760366741
 666.18977118985083 668.33117147242785
 664.7565698883385 669.39756029763566
 662.4785882133009 666.05497342326021
 663.00852954807135 666.37088803506754
 663.29104681114575 666.9159795179927
 663.28777957631871 665.91665134560367
 663.98070113408255 666.9834330495687
 663.54408176673371 666.34639976761662
 663.91377521308414 666.18828273531051
 663.77611181163866 666.48191864974638
 662.43614395789825 664.8995112041323
 664.59941004487609 668.03708259514497
 661.92536498412642 664.85457324009531
 665.06211886473181 668.90935447861762
 663.78875282130537 667.21795571161908
 664.48056097563426 667.33890813665687
 664.78520717015522 667.81859986786458
 664.04407837208896 667.79639508999071
 663.52756354213977 666.45831489895761
 663.21965817749879 666.88665433778169
 661.31709811686414 664.72215150689794
 662.64186735321528 664.80243518564851
 663.34555677419462 667.15079382580427
 661.5217531256078 664.97792275512541
 664.35009561512118 668.31585755735512
 662.72922659835672 666.2458435672105
 662.10003061379655 665.54694937017837
 665.74455083338535 668.39421580676742
 664.52369684471182 667.10230787495323
 662.30545421252691 664.4606576461988
 665.5821296974367 668.23663612895302
 662.81433267998796 665.92224402391241
 664.02572330983492 667.24837956279487
 661.51722457475228 663.98047365313903
 664.80171443923496 667.27524462996791
 661.22883623725829 665.41454393382298
 665.71057413201936 667.71368941358116
 663.70596740119504 667.60446955715656
 663.53218002517679 666.6370318244376
 664.0111406687821 667.67850212790529
 664.09370010436351 667.38694093754714
 663.40642939451675 665.25342860564979
 664.84427299718595 668.11371225268192
 663.75821750587011 668.41261631591522
 663.28129214467572 666.03856244274778
 663.85046282706958 668.21617096047532
 665.01423368678002 667.67842384427775
 664.49565982331876 666.55149390219128
 665.53928228704945 668.57689482887167
 660.85475430606652 665.26154302734278
 666.8956094690119 668.40725803559849
 664.21569102086767 668.33147125572214
 663.11911522224 665.09681084585361
 664.23502663741476 665.93664141010629
 663.51581140895746 665.27755533764639
 662.60335690129864 667.17923065153332
 662.9572546165673 666.21574703904298
 664.54260701267663 666.10864888926881
 661.58741616059558 664.59431603570579
 662.05541277010548 665.29429426313686
 661.54347975751716 664.35066532434939
 664.40761878299418 668.18095142416166
 664.90537852276168 666.94611350299851
 662.69489529309271 665.06408516526517
 663.31805404307329 667.01219682028113
 666.33346321034446 667.88812946877511
 663.06295544871193 665.59777655718767
 664.30272325767635 666.15406386353231
 662.41751302854482 665.03216328086398
 665.56890267648396 669.25576699807482
 663.93765423760419 666.28948194186569
 663.79762174279847 665.69161187251416
 662.8041795654193 664.54541176376017
 664.77317033300767 667.80086204850102
 662.3121913632375 666.37858782578178
 662.9705074120626 666.06444897038807
 662.98277065760715 665.58565659313615
 663.11251522938198 668.46058849610483
 662.07028960063019 663.85996726188614
 664.71007137320839 667.57407490018181
 665.86051284496375 668.11710042936591
 664.90303943695687 667.72947466236144
 665.71206913790274 666.23477205775146
 663.58447792812865 665.92957496844542
 662.42216815632651 664.95628092341224
 663.69985079004198 666.33969772289254
 664.97024815683676 667.84438555419479
 663.3340896492615 666.04146691025596
 663.07851046856933 665.87798575975364
 663.19772619885771 666.92241437708651
 665.22006736020001 666.3369271808258
 663.05215672779957 664.22970848849786
 663.61232714473556 667.38173331100541
 661.81094329187783 663.51983514721871
 662.3995524667281 665.46810734112205
 662.53186494465956 665.3316998797668
 664.62177342986331 666.95568990593301
 664.02361332760859 666.34272202463967
 663.9466974426349 666.86602589400309
 664.46345422974957 668.15027051986669
 664.06945086495182 666.70922193054423
 662.84149681498491 666.01500640108873
 663.22845219127908 665.51441300725844
 662.93738395143691 666.28121618596936
 664.43430246438697 666.9644132790761
 663.49856966779441 666.80555340538388
 663.25367994765213 666.9694967696264
 664.86380307172533 667.65975897141391
 663.71513745762809 665.97552801896109
 663.96402382667986 666.3711662569192
 662.22238689520339 666.25087214473945
 662.30990449744957 666.50455818765204
 664.85275820199001 667.01965146799785
 663.46075915890367 665.35867086263431
 662.56430540837334 664.80737845807505
 662.75146703685698 665.72453577706722
 666.14504170825035 668.68133132955268
 661.73350086786968 665.06220145169368
 662.38693831931357 665.91625147575621
 662.65874338105721 665.52233772734803
 663.14759479202735 665.3882977638674
 663.32974413292516 667.13777259252868
 665.57055693187954 669.57243998342278
 663.79748773219001 666.13074992174086
 664.83172058189609 668.41111110620113
 663.54544606611137 666.03478670144443
 666.7873888630437 669.82906367602982
 664.55681589027654 667.79553064021138
 665.27229814768668 668.15384381604531
 660.87939247561292 664.81797682386355
 664.2299442657777 668.34685598895578
 664.41544860906299 666.82083197079169
 663.95000241861874 666.52634290683147
 663.02074271564481 667.07342273368306
 663.51720699172665 667.05040696001959
 662.37902034378396 666.1025093748126
 662.89089629137163 667.31400173824898
 663.60333318970811 665.69868537460161
 664.24919965759318 668.3548460495773
 662.39605452449132 664.41907325213128
 663.89063783453935 667.11034304358168
 663.94665424125958 666.87422824212251
 663.6720091438109 667.20454824911496
 664.15932630964858 667.69254484591283
 664.92998223125733 668.67397893575799
 662.28667299136066 665.18298974422601
 663.32742011851531 665.75001831212671
 664.78009094473009 668.6075816290903
 665.00531844719717 666.38892904206307
 660.64740947464486 663.37287591271479
 663.15272535109023 665.89076438062659
 663.40521110384714 665.30530070963209
 661.51064204269517 665.54356187197402
 665.27311107330456 667.92697207216884
 663.71370644028559 666.88458010197633
 664.74514666965263 667.56149862968812
 662.50096893024397 666.61321884975155
 664.24601224160392 666.29105526268518
 664.51120083212004 667.20965351120162
 664.68139857959079 666.32534680407389
 664.07333962140808 667.63168560639417
 663.03445485097598 666.66329060293845
 663.13338929965596 667.0626338543027
 663.50914106895891 666.11875444247755
 661.92527578774093 664.83924774585989
 667.38595021047172 669.37813193904344
 664.28284962497264 668.03168902160201
 663.66019495846581 666.24942095032134
 665.87705808298858 668.83897320770109
 663.00065580715102 666.1857466489796
 665.49787124235797 668.87812569716584
 664.9114155251084 668.55005566582247
 665.05405055032645 668.95346434116448
 663.08067385644233 666.98194041654858
 664.10817463165847 666.15759198716569
 662.80747885368237 665.93519714839226
 664.57227159267677 667.39484475206496
 665.52160388650168 668.07599288476774
 662.84711224635362 665.98897288365526
 665.23301954918702 667.44342594665193
 665.54032480660487 668.44612082616368
 663.67258313270338 666.67291212366035
 661.86383671597878 661.86237714973777
 665.0108042242581 668.09723984314837
 665.17647523106245 669.40825713290678
 662.8581503873454 666.66851679435479
 663.27018304177113 666.0738616295049
 663.54145129873211 665.74979398425933
 665.49994555284297 667.7084193531233
 662.82837270683865 665.93745770567659
