# Created by Octave 8.4.0, Fri Mar 14 02:07:48 2025 CST <jaime-gonzalez@tezca>
# name: kc_total
# type: matrix
# rows: 500
# columns: 5
 -0.28436151420657985 0.36408644334982448 0.0014535532500526511 0.00060279427505333799 0
 -0.30190584273794496 0.411916888244305 0.0026184062270996353 0.0015360081434505205 0
 -0.25708616263531575 0.2125075792489477 0.0001427923859048706 -0.0018590740849037711 0
 -0.25387991860090148 0.2489725912107778 0.00032570936286387771 -0.0012890249420517588 0
 -0.25519413082426073 0.24233102223666728 -2.2488557313754339e-05 -0.0014601205879170094 0
 -0.28714874016390163 0.38341605410733209 0.0037237115829798174 0.0026796015984114499 0
 -0.26251018741401416 0.29210006763087759 0.0032220955235277723 0.00097101765060031019 0
 -0.28502349920839415 0.38490204659136079 0.0010371275481851695 0.00044796948430023012 0
 -0.26309623678233257 0.2510874235701796 0.00033580863983234601 -0.00049472282938732516 0
 -0.29460180364968641 0.34711343535810302 0.0035722569168472069 0.0023385990724097429 0
 -0.27326841747753611 0.33222920580921433 -0.0010846107302361638 -0.0013686312481604253 0
 -0.30766798678226925 0.4216627789198315 0.0016058117968672074 0.00093778173530394094 0
 -0.27372156475057791 0.32886375455229439 0.00095984333805912837 0.00054021090076902074 0
 -0.2913114553224867 0.3485935284356862 0.0022273649922326497 0.00042698887051609714 0
 -0.2621292084636892 0.28832543052762194 -0.00046936804739661659 -0.0016867823467136074 0
 -0.29577976511134096 0.37542308223666754 0.00015737605544351017 -0.00050287346582457209 0
 -0.27358761739651233 0.33159280230815968 -0.00016670854126037599 -0.0013084916892201889 0
 -0.27570453389452876 0.24970535076699349 -0.00095015868901091689 -0.001938425804958495 0
 -0.26496793390734158 0.28933074822397209 0.002580695968046796 0.0014212485994651628 0
 -0.30001098966176354 0.38415972243687357 0.0013575938913818785 0.00040719358923354019 0
 -0.28771995561267533 0.31495960704696169 0.00078362487348581982 -0.0002292006528382635 0
 -0.28209118964290619 0.33592192829523193 0.0027201690031537235 0.0018561997901074853 0
 -0.2697051568227663 0.31460685248269604 0.0014342419825212737 0.00040103577975455574 0
 -0.26897174104251176 0.33555898665424078 0.0027348374870869024 0.0017375267504584004 0
 -0.28290411221521561 0.30693580552810251 -0.0002433400779809413 -0.00072167221513060216 0
 -0.29010977679335287 0.37100420775392551 0.0028249153659356207 0.0015077784222931071 0
 -0.27739798416907463 0.36493432994020436 0.0016760025455458793 0.001134473652455964 0
 -0.26900755438800661 0.32294521656218661 0.00086637602315576818 -0.00036433940433736262 0
 -0.29527971581149032 0.36678413729496162 0.001634583496958349 0.00044555350875413188 0
 -0.29657975047264928 0.39060415491710676 0.0031194649374807018 0.001815827097643325 0
 -0.25443709769753492 0.24304656628321586 0.0024025640446037554 0.00093400596006800926 0
 -0.27442392198832577 0.37112252905042348 0.0031995779466218528 0.002425471480107343 0
 -0.28451752910790618 0.38450523554390353 0.0014783977750274242 0.001291194569725547 0
 -0.2420312196074639 0.22686711158696846 -0.0009140296951811595 -0.0029156780625354457 0
 -0.25394595409475196 0.29025599880367547 0.0017328025309604322 -6.233470941759203e-05 0
 -0.27937408809796077 0.34149333683781724 -5.7544068399288136e-05 -0.00078444835117358824 0
 -0.26824875264066461 0.32693139561838214 7.1864747148675084e-05 -0.0014770452200872205 0
 -0.29623400975079572 0.40377763935367256 0.0025625646464316637 0.0019578517410335922 0
 -0.26192735823049196 0.28212234885261656 -0.00056589192604916769 -0.0013544697494204229 0
 -0.30131711874988132 0.40126646087471868 0.0009202523250185457 -0.00021464739111862628 0
 -0.29760405822207991 0.43313082349285159 0.0027034791183512276 0.0019200708405469516 0
 -0.26034401245603872 0.18845154366219319 -0.00087249154499335891 -0.0021542530361845268 0
 -0.26983563282730527 0.2953622452690719 0.001300882815355223 -8.4086571189136361e-05 0
 -0.29617617753632697 0.38234924717343666 0.0019747390987795831 0.0015763001303932562 0
 -0.27693327931135092 0.30617941767576601 0.0023920512635996799 0.0012943715515031443 0
 -0.27704429889494292 0.26597720620500775 -0.0010861949773942391 -0.0018649259937213013 0
 -0.29397690695949819 0.34000077286402142 0.0015335650241496107 0.00079803712680134712 0
 -0.2807045907340987 0.33637511194765041 0.0020229645903248488 0.0015419238091867696 0
 -0.28963719319935033 0.37535936930674024 0.0028815744300457317 0.0026111335745488641 0
 -0.27736788833854881 0.3774576539817166 -0.00035867914907733672 -0.001175418378081301 0
 -0.23823383149116822 0.16565835004763144 -0.00082178427697561756 -0.0035301541734883636 0
 -0.26684529433739979 0.23372556000771885 -0.00036486130755685527 -0.0015530198883740073 0
 -0.29333545182376142 0.38834805877387502 0.00081506228069793589 -0.00014626793925700147 0
 -0.27796890640699035 0.38644651144301345 -0.00048575513898718834 -0.001176235071539334 0
 -0.30309825234187771 0.40268195025458192 0.0033128076390208316 0.0021787426238502267 0
 -0.28812172614576997 0.38683794622418222 0.0020224755155147469 0.0012815196557119928 0
 -0.27499377258796476 0.26838869941711319 0.0012301470451089643 -0.00020674456596321965 0
 -0.25201761824193386 0.26549378433693227 0.0010925211956285721 -0.00046127130411805688 0
 -0.28598299347629325 0.38427797409198372 0.0024644155430104454 0.0016827846408719596 0
 -0.28620116818152908 0.36918201300214382 0.0020778008599759146 0.0011770712190544385 0
 -0.27768317283240923 0.3123772681203838 0.0030989895416426629 0.0018364068286133317 0
 -0.28071188306130929 0.34983108503432631 -0.00069531843483990703 -0.00084448260698221592 0
 -0.27140320620552782 0.3266151335684741 0.0023046556267073072 0.0010641919885221527 0
 -0.28994485193830244 0.40787345570641564 0.0050976984558751652 0.0038124675538847197 0
 -0.27488147521809886 0.30053058963370066 0.00022637327784040106 -0.00065005332552518303 0
 -0.29426298222484948 0.39671841702672589 0.00090183902216910508 0.0003459378593879911 0
 -0.28641533670002878 0.26782432802144868 -0.00043662634138313559 -0.0013311441926386635 0
 -0.25043840596668776 0.24771852704700714 -0.0001563502567665474 -0.0020574226458534559 0
 -0.27538851155555732 0.36119223424156038 0.0005682847549886564 -0.0002903969699288652 0
 -0.27326739355233998 0.253923467751482 -0.0011700570675885372 -0.002564843435922609 0
 -0.25689359020076019 0.23861757870084324 -0.0019057630478567153 -0.0030096739710358048 0
 -0.24414891198037184 0.19207316622856996 -0.00052024546961154932 -0.0015425103468142628 0
 -0.25044554832138083 0.251093702627954 -0.0013439754930065122 -0.0030956136619106397 0
 -0.27935892550269192 0.34762525423841278 0.00035510548134760206 -0.00037155116585544615 0
 -0.28867339868000569 0.30861727445033738 2.7046009758720661e-05 -0.0010875511981011255 0
 -0.2752430631786113 0.35565469434520486 0.0008220594596292705 7.0738790084592463e-05 0
 -0.27607987990213756 0.38053413054850382 0.0023407152235690714 0.0014005523323955091 0
 -0.2756300684512546 0.30653404634323217 0.0022317319493581089 0.0007184106271761726 0
 -0.29600496618292088 0.38981884569323072 0.0013546456686280251 0.00081904830193922813 0
 -0.26047043758640331 0.28034454062964526 0.0019552416817799289 0.00050613776455790292 0
 -0.24850379509070283 0.18279104695772946 -0.0016528156426852481 -0.0026983783920521672 0
 -0.2736111427277812 0.35911980021521267 0.0019472927714936994 0.00081376707841200201 0
 -0.24514412249951487 0.23276487198978005 0.0025109212636162492 0.00071187982141618681 0
 -0.27674862025653524 0.30020074015378878 0.00031379264296546203 -0.00086198158533285624 0
 -0.26621666830010693 0.25572544954339538 -0.00082293225624905525 -0.0014388260465509068 0
 -0.29109531275370482 0.37650565064679553 0.0013249745958850436 0.00044887958813230215 0
 -0.26344303545369696 0.27532173199627263 0.0011720131394215034 6.0489726634408198e-05 0
 -0.26076072178003473 0.2654410481930517 0.0033355121661967965 0.0024535543375924385 0
