# Created by Octave 8.4.0, Thu Mar 13 22:54:03 2025 CST <jaime-gonzalez@tezca>
# name: kc_total
# type: matrix
# rows: 2
# columns: 5
 -0.27537731907284907 0.40500275316230283 0.0014265396406163845 -2.3557173758151078e-05 0
 -0.24293653464452103 0.3283456426526839 0.00070858716701627158 0.00042104770630869612 0


