# Created by Octave 8.4.0, Thu Mar 13 22:54:03 2025 CST <jaime-gonzalez@tezca>
# name: omc_y_total
# type: matrix
# rows: 2
# columns: 20
 1.6322639122432865 1.8821398364700477 2.0561885341934829 2.0856384415736469 0.61630239457817393 -1.9436907016876914 1.9429132449641557 1.8358400131203687 -1.9916527850509016 -2.116134016378342 -2.0787393071422269 -2.1006560554130078 -2.1299243538307944 -2.1383181153406388 -2.2624324783924257 2.3248440050554251 -1.9657079528684844 -1.7114220040304557 -1.866249273524055 1.6073542939365495
 1.63378165165103 1.8825591258830261 2.0584929540934027 2.096828245551881 0.60347082724659651 -1.9392924358519228 1.9297900756566966 1.8222663498727569 -1.9991299688934214 -2.1193344775953671 -2.0738335656179645 -2.0959153765303791 -2.1239209444179639 -2.1322675443532497 -2.2567328723430577 2.3217385647702198 -1.9666675971100023 -1.7178502951913104 -1.8502994422151933 1.5910697561042595


