# Created by Octave 8.4.0, Thu Mar 13 22:54:03 2025 CST <jaime-gonzalez@tezca>
# name: omc_x_total
# type: matrix
# rows: 2
# columns: 20
 1.632913113418403 1.828112747241154 1.7230731360948324 1.8097758531085342 2.150927199831234 -1.7147658852181065 1.9872446492161968 1.9548361279080178 -1.3849475596056604 -1.5536275804375355 -1.8085019281703327 -1.8515846648625096 -1.9287786167181566 -1.9635102099637154 -2.1160256688501669 1.8761793617288198 -1.6302969986677514 -1.3663948768239926 -1.9362416035843246 1.8869139597227493
 1.6505247010930213 1.8410336945967527 1.7356388767924111 1.8248961179316867 2.1644767805993053 -1.7002781285873265 1.9805599588508478 1.947890657200954 -1.3789203994036736 -1.5486559136913156 -1.7977093257113594 -1.841661758426774 -1.9193181873626746 -1.9548823755829516 -2.109334125725546 1.8804110760549804 -1.6185179068462385 -1.3516099579689624 -1.9213139340957548 1.8807179487955605


