# Created by Octave 8.4.0, Thu Mar 13 22:54:03 2025 CST <jaime-gonzalez@tezca>
# name: omc_z_total
# type: matrix
# rows: 2
# columns: 20
 -0.69716150569518243 -0.43441552698469521 -0.54537568273679726 -1.1311315689172015 0.59912625817169551 -0.77341817219084097 1.2776063049278885 1.2896317172342953 0.35009288343854894 0.23747687673044154 -0.45799186245254109 -0.49570610063833259 -0.57442460955004548 -0.56631140424047999 -0.4493498648539791 -0.17661248847903413 -0.33364220172613041 -0.28600574948650476 -1.4179914239966604 1.4375474121235079
 -0.66302812453492965 -0.39494938250627726 -0.50478210007168867 -1.0897142244969178 0.62321735033779135 -0.80690721445618807 1.3147772597162752 1.3271895157891556 0.31421320864706198 0.19360653634243208 -0.49729061044872586 -0.53362694524505716 -0.6123135468062012 -0.60365443787281559 -0.48599443637426587 -0.13766210933135814 -0.36721514370484004 -0.31524664088127524 -1.4514222355098583 1.4725407033797648


