# Created by Octave 8.4.0, Thu Mar 13 16:30:22 2025 CST <jaime-gonzalez@tezca>
# name: omc_total
# type: matrix
# rows: 40
# columns: 3
 1.6546580633404722 1.6476502013091878 -0.68087137426272781
 1.8496945181239559 1.8978608608826173 -0.41190178992601922
 1.7421763363250327 2.0741715142382393 -0.52328490224217661
 1.8234860399050605 2.107792391695126 -1.1154416103124913
 2.1758134333881811 0.60837223371771965 0.61638458825048958
 -1.7031193443334209 -1.928692420480036 -0.79810159172328177
 1.9953764020644487 1.9308946899726249 1.3133560408833924
 1.9613392407254553 1.8243776745414502 1.3270106407590627
 -1.3719176730501799 -1.9887745212849346 0.328315507363104
 -1.5420175113158867 -2.111623544247315 0.21614476449970699
 -1.7991583107525131 -2.0667961986303669 -0.48992753455364246
 -1.8421772440449633 -2.0873103632998915 -0.52663718405158244
 -1.9196300263976351 -2.1146982146570088 -0.60522234475050807
 -1.9545087552679734 -2.1225105946196288 -0.59541999527348566
 -2.1111255697113118 -2.2529952714029653 -0.48811719745650256
 1.8939962665700467 2.3388611686380218 -0.16128637960651243
 -1.6178593564889223 -1.9559092566800256 -0.35585647086145106
 -1.3494158500735958 -1.7040644853515274 -0.30617111792360663
 -1.9254707709056555 -1.838886783003048 -1.4411074617915725
 1.8951117076229325 1.5933039519518293 1.4710941691070378
 1.6513723765298702 1.6380135123319206 -0.67084844387856124
 1.8438379950427197 1.8876720713927946 -0.40262411468125692
 1.7378586517642229 2.0638576715326811 -0.51344077957035128
 1.8237901091023272 2.0994605286808636 -1.1027179870635067
 2.1669901547432713 0.60494061637152052 0.62186239226473194
 -1.7036313443470441 -1.9375705551926148 -0.80158052972018745
 1.9845432293444405 1.9295808821919198 1.3125882209538755
 1.9508635713423728 1.8222494380902627 1.3265637464659321
 -1.3773757218777609 -1.994730098313606 0.32219447685728614
 -1.5472417332063264 -2.1165674657934441 0.20584203857544245
 -1.8002186076892337 -2.0726192195386308 -0.49382170115105134
 -1.8435411612959371 -2.0940430354165476 -0.52930270413271019
 -1.9213139077989869 -2.1222609271739046 -0.60741609976706623
 -1.9563988382156581 -2.1302289996397619 -0.59740447620006676
 -2.113713647981732 -2.2591976671267293 -0.48762642484530527
 1.8859965511229804 2.3291572514062322 -0.15678830901157986
 -1.6199160243557682 -1.9635270392262707 -0.35898583357229152
 -1.3525083168905274 -1.7130795320525338 -0.30950505223999369
 -1.9238588498315368 -1.8476689409489591 -1.4479606512112866
 1.88414451828259 1.5916462704140257 1.4712577726770535


