# Created by Octave 8.4.0, Thu Mar 13 16:30:22 2025 CST <jaime-gonzalez@tezca>
# name: Tc_total
# type: matrix
# rows: 40
# columns: 3
 -593.38271984331402 -263.17786388017078 2875.3591207836653
 -518.12922262088023 -517.19861615562422 2560.285190444969
 -418.34195326747408 -567.50435354024148 2620.0630167341674
 -213.76728757046777 -500.96407644213645 2623.323620704497
 -554.41217906484667 -111.36672733800123 1612.9216408632687
 -496.26652360182146 -255.99010310467639 1498.186672458866
 -276.01133872953835 -249.995303200097 1487.0223324943552
 -568.83485775161057 -335.81173327252367 1563.0128659723653
 -3.2166975091851331 -740.37103502292155 2472.1665016857619
 -97.293631102100662 -986.32355021805654 2928.7315440700845
 -504.07234497198868 -770.45576416879987 2373.5344856307161
 -444.91326265187473 -578.09604265505834 2034.4679931250257
 -442.04170214170398 -466.82665556395187 1831.079953269953
 -411.61564054355966 -446.42626962119198 1650.2278026562665
 -664.79807382481044 -441.30098188913826 1618.8980606045968
 -53.081802288152019 -557.56956478965674 2349.6401847754319
 -451.34486890503877 -453.49254939254547 1651.8963788285866
 -615.25675814030092 -515.35396276730035 1505.458781544291
 -355.81328290889735 -257.69157593390275 1130.5522772075603
 -481.05061868769002 -285.5683517016094 1341.5992223247063
 -621.7590040815237 -253.81964542051264 2864.1852996544894
 -543.31926511137249 -507.98490887247561 2551.0407634842463
 -444.36642864248461 -558.1916375599892 2612.4030793380293
 -240.67355291229052 -492.26410223984453 2619.149473633292
 -571.55569555073066 -106.17033716329979 1609.8181516818422
 -511.49432460894741 -251.2179640106055 1493.5229166312101
 -291.83991086521354 -245.60251324839527 1485.9655085802838
 -585.67266147299097 -330.83027426909837 1561.4584832331768
 -29.509377494774487 -730.56202851131059 2465.7197326663986
 -128.46043357050593 -973.93759629326405 2920.6515117087988
 -528.32250918708394 -760.87113862777551 2368.2809118140217
 -465.79236723844502 -570.63962485119407 2030.7432783574347
 -460.96034781860061 -460.59515426616366 1828.4465352830312
 -428.73711315118533 -440.94483412285228 1648.2690793427007
 -682.09725332394794 -435.6936119778307 1618.7160243455578
 -76.414339400472926 -549.00783505671177 2345.6597952913303
 -467.82988203432069 -447.51779394161491 1646.5080737103308
 -629.90521573653336 -509.52355202098408 1500.3613403283111
 -367.90785467903726 -254.19080720368075 1128.7300693368672
 -495.70727164072082 -281.42852247310447 1340.4781577658796


