# Created by Octave 8.4.0, Thu Mar 13 22:54:03 2025 CST <jaime-gonzalez@tezca>
# name: Tc_x_total
# type: matrix
# rows: 2
# columns: 20
 -590.48173931713495 -515.32811283283263 -415.82110039291933 -212.11190635864813 -555.43735554088835 -495.50958488666538 -276.29081627778686 -571.33457933562818 -1.1704949009550603 -95.120110431563333 -502.16719371704852 -443.45817268001429 -441.03881581796753 -410.47205457830677 -666.00990758984449 -49.704613806142305 -449.64153577982717 -613.73284864098662 -356.38116281861971 -483.57851843787591
 -639.02561753665384 -558.7832473549721 -460.42634878075523 -258.13935140050847 -583.67747292472097 -521.07438829483306 -302.54114792091144 -597.96212324048008 -45.539589613450048 -147.88769491573092 -543.28535867228345 -478.69968795090494 -472.70505677145297 -439.20503482131494 -693.8953796376536 -91.017194306798288 -477.92315507332523 -638.57764851921081 -376.51576090253656 -506.62992638600434


