# Created by Octave 8.4.0, Thu Mar 13 22:54:03 2025 CST <jaime-gonzalez@tezca>
# name: Tc_z_total
# type: matrix
# rows: 2
# columns: 20
 -192.41621287122956 -453.3483150920714 -502.1001205259065 -436.73860987159446 -73.180317171186005 -218.86399033413281 -214.31595488234754 -298.14068073275621 -678.85509599192301 -912.2879702406957 -711.7203046571102 -528.20702083020308 -422.04238613247702 -405.99153386672242 -400.4889379633276 -500.54281256105969 -412.13959462655021 -477.31089194947134 -230.72408864977814 -253.42775923583628
 -258.00216159121152 -511.2035203764537 -561.47326996161564 -496.21687729311014 -109.36892830876542 -253.53346343202796 -248.75011112031888 -334.48887222735192 -733.44366252362965 -976.35127558068166 -763.64390461527728 -573.44137368609597 -463.29645744668136 -443.36223602184486 -438.3034931559572 -552.71502439981055 -449.38071715064245 -511.25290562859942 -257.09481005690031 -284.75623512384379


